Final Best values:
1.000000
1.000000
1.000000
1.000000
1.000000
1.000000
1.000000
1.000000
1.000000
1.000000
1.000000
1.000000
1.000000
1.000000
1.000000
1.000000
1.000000
1.000000
1.000000
1.000000
RUN Best values:
1.000000
-6277438562204192500000000000000000000000000000000000000000000000000.000000
-6277438562204192500000000000000000000000000000000000000000000000000.000000
-6277438562204192500000000000000000000000000000000000000000000000000.000000
-6277438562204192500000000000000000000000000000000000000000000000000.000000
-6277438562204192500000000000000000000000000000000000000000000000000.000000
-6277438562204192500000000000000000000000000000000000000000000000000.000000
-6277438562204192500000000000000000000000000000000000000000000000000.000000
-6277438562204192500000000000000000000000000000000000000000000000000.000000
-6277438562204192500000000000000000000000000000000000000000000000000.000000
-6277438562204192500000000000000000000000000000000000000000000000000.000000
-6277438562204192500000000000000000000000000000000000000000000000000.000000
-6277438562204192500000000000000000000000000000000000000000000000000.000000
-6277438562204192500000000000000000000000000000000000000000000000000.000000
-6277438562204192500000000000000000000000000000000000000000000000000.000000
-6277438562204192500000000000000000000000000000000000000000000000000.000000
-6277438562204192500000000000000000000000000000000000000000000000000.000000
-6277438562204192500000000000000000000000000000000000000000000000000.000000
-6277438562204192500000000000000000000000000000000000000000000000000.000000
-6277438562204192500000000000000000000000000000000000000000000000000.000000
-6277438562204192500000000000000000000000000000000000000000000000000.000000
-6277438562204192500000000000000000000000000000000000000000000000000.000000
-6277438562204192500000000000000000000000000000000000000000000000000.000000
-6277438562204192500000000000000000000000000000000000000000000000000.000000
-6277438562204192500000000000000000000000000000000000000000000000000.000000
-6277438562204192500000000000000000000000000000000000000000000000000.000000
-6277438562204192500000000000000000000000000000000000000000000000000.000000
-6277438562204192500000000000000000000000000000000000000000000000000.000000
-6277438562204192500000000000000000000000000000000000000000000000000.000000
-6277438562204192500000000000000000000000000000000000000000000000000.000000
1.000000
1.000000
1.000000
1.000000
1.000000
1.000000
1.000000
1.000000
1.000000
1.000000
1.000000
1.000000
1.000000
1.000000
1.000000
1.000000
1.000000
1.000000
1.000000
1.000000
1.000000
1.000000
-6277438562204192500000000000000000000000000000000000000000000000000.000000
-6277438562204192500000000000000000000000000000000000000000000000000.000000
-6277438562204192500000000000000000000000000000000000000000000000000.000000
-6277438562204192500000000000000000000000000000000000000000000000000.000000
-6277438562204192500000000000000000000000000000000000000000000000000.000000
-6277438562204192500000000000000000000000000000000000000000000000000.000000
-6277438562204192500000000000000000000000000000000000000000000000000.000000
-6277438562204192500000000000000000000000000000000000000000000000000.000000
1.000000
1.000000
1.000000
1.000000
1.000000
-6277438562204192500000000000000000000000000000000000000000000000000.000000
-6277438562204192500000000000000000000000000000000000000000000000000.000000
-6277438562204192500000000000000000000000000000000000000000000000000.000000
-6277438562204192500000000000000000000000000000000000000000000000000.000000
-6277438562204192500000000000000000000000000000000000000000000000000.000000
-6277438562204192500000000000000000000000000000000000000000000000000.000000
-6277438562204192500000000000000000000000000000000000000000000000000.000000
-6277438562204192500000000000000000000000000000000000000000000000000.000000
-6277438562204192500000000000000000000000000000000000000000000000000.000000
-6277438562204192500000000000000000000000000000000000000000000000000.000000
-6277438562204192500000000000000000000000000000000000000000000000000.000000
-6277438562204192500000000000000000000000000000000000000000000000000.000000
-6277438562204192500000000000000000000000000000000000000000000000000.000000
-6277438562204192500000000000000000000000000000000000000000000000000.000000
-6277438562204192500000000000000000000000000000000000000000000000000.000000
-6277438562204192500000000000000000000000000000000000000000000000000.000000
-6277438562204192500000000000000000000000000000000000000000000000000.000000
-6277438562204192500000000000000000000000000000000000000000000000000.000000
-6277438562204192500000000000000000000000000000000000000000000000000.000000
-6277438562204192500000000000000000000000000000000000000000000000000.000000
-6277438562204192500000000000000000000000000000000000000000000000000.000000
-6277438562204192500000000000000000000000000000000000000000000000000.000000
-6277438562204192500000000000000000000000000000000000000000000000000.000000
-6277438562204192500000000000000000000000000000000000000000000000000.000000
-6277438562204192500000000000000000000000000000000000000000000000000.000000
1.000000
1.000000
1.000000
1.000000
1.000000
1.000000
1.000000
1.000000
1.000000
1.000000
1.000000
1.000000
1.000000
1.000000
1.000000
1.000000
1.000000
1.000000
1.000000
1.000000
1.000000
1.000000
1.000000
1.000000
1.000000
1.000000
1.000000
1.000000
-6277438562204192500000000000000000000000000000000000000000000000000.000000
-6277438562204192500000000000000000000000000000000000000000000000000.000000
1.000000
1.000000
1.000000
1.000000
1.000000
1.000000
1.000000
1.000000
1.000000
1.000000
1.000000
1.000000
1.000000
1.000000
1.000000
1.000000
1.000000
1.000000
1.000000
1.000000
1.000000
1.000000
1.000000
1.000000
-6277438562204192500000000000000000000000000000000000000000000000000.000000
-6277438562204192500000000000000000000000000000000000000000000000000.000000
-6277438562204192500000000000000000000000000000000000000000000000000.000000
-6277438562204192500000000000000000000000000000000000000000000000000.000000
-6277438562204192500000000000000000000000000000000000000000000000000.000000
-6277438562204192500000000000000000000000000000000000000000000000000.000000
1.000000
1.000000
1.000000
1.000000
1.000000
1.000000
1.000000
1.000000
1.000000
1.000000
1.000000
1.000000
1.000000
1.000000
1.000000
1.000000
1.000000
1.000000
1.000000
1.000000
1.000000
1.000000
1.000000
1.000000
1.000000
1.000000
1.000000
1.000000
1.000000
1.000000
1.000000
1.000000
1.000000
1.000000
-6277438562204192500000000000000000000000000000000000000000000000000.000000
-6277438562204192500000000000000000000000000000000000000000000000000.000000
-6277438562204192500000000000000000000000000000000000000000000000000.000000
-6277438562204192500000000000000000000000000000000000000000000000000.000000
-6277438562204192500000000000000000000000000000000000000000000000000.000000
-6277438562204192500000000000000000000000000000000000000000000000000.000000
-6277438562204192500000000000000000000000000000000000000000000000000.000000
-6277438562204192500000000000000000000000000000000000000000000000000.000000
-6277438562204192500000000000000000000000000000000000000000000000000.000000
-6277438562204192500000000000000000000000000000000000000000000000000.000000
-6277438562204192500000000000000000000000000000000000000000000000000.000000
-6277438562204192500000000000000000000000000000000000000000000000000.000000
-6277438562204192500000000000000000000000000000000000000000000000000.000000
-6277438562204192500000000000000000000000000000000000000000000000000.000000
-6277438562204192500000000000000000000000000000000000000000000000000.000000
-6277438562204192500000000000000000000000000000000000000000000000000.000000
-6277438562204192500000000000000000000000000000000000000000000000000.000000
-6277438562204192500000000000000000000000000000000000000000000000000.000000
-6277438562204192500000000000000000000000000000000000000000000000000.000000
-6277438562204192500000000000000000000000000000000000000000000000000.000000
-6277438562204192500000000000000000000000000000000000000000000000000.000000
-6277438562204192500000000000000000000000000000000000000000000000000.000000
-6277438562204192500000000000000000000000000000000000000000000000000.000000
-6277438562204192500000000000000000000000000000000000000000000000000.000000
-6277438562204192500000000000000000000000000000000000000000000000000.000000
-6277438562204192500000000000000000000000000000000000000000000000000.000000
1.000000
1.000000
1.000000
1.000000
1.000000
1.000000
1.000000
1.000000
1.000000
1.000000
1.000000
1.000000
1.000000
1.000000
-6277438562204192500000000000000000000000000000000000000000000000000.000000
-6277438562204192500000000000000000000000000000000000000000000000000.000000
-6277438562204192500000000000000000000000000000000000000000000000000.000000
-6277438562204192500000000000000000000000000000000000000000000000000.000000
-6277438562204192500000000000000000000000000000000000000000000000000.000000
-6277438562204192500000000000000000000000000000000000000000000000000.000000
-6277438562204192500000000000000000000000000000000000000000000000000.000000
-6277438562204192500000000000000000000000000000000000000000000000000.000000
-6277438562204192500000000000000000000000000000000000000000000000000.000000
-6277438562204192500000000000000000000000000000000000000000000000000.000000
-6277438562204192500000000000000000000000000000000000000000000000000.000000
-6277438562204192500000000000000000000000000000000000000000000000000.000000
-6277438562204192500000000000000000000000000000000000000000000000000.000000
-6277438562204192500000000000000000000000000000000000000000000000000.000000
-6277438562204192500000000000000000000000000000000000000000000000000.000000
-6277438562204192500000000000000000000000000000000000000000000000000.000000
1.000000
1.000000
1.000000
1.000000
1.000000
1.000000
1.000000
1.000000
1.000000
1.000000
1.000000
-6277438562204192500000000000000000000000000000000000000000000000000.000000
-6277438562204192500000000000000000000000000000000000000000000000000.000000
-6277438562204192500000000000000000000000000000000000000000000000000.000000
-6277438562204192500000000000000000000000000000000000000000000000000.000000
-6277438562204192500000000000000000000000000000000000000000000000000.000000
-6277438562204192500000000000000000000000000000000000000000000000000.000000
-6277438562204192500000000000000000000000000000000000000000000000000.000000
-6277438562204192500000000000000000000000000000000000000000000000000.000000
-6277438562204192500000000000000000000000000000000000000000000000000.000000
-6277438562204192500000000000000000000000000000000000000000000000000.000000
-6277438562204192500000000000000000000000000000000000000000000000000.000000
-6277438562204192500000000000000000000000000000000000000000000000000.000000
-6277438562204192500000000000000000000000000000000000000000000000000.000000
1.000000
1.000000
1.000000
1.000000
1.000000
1.000000
1.000000
1.000000
1.000000
1.000000
1.000000
1.000000
1.000000
-6277438562204192500000000000000000000000000000000000000000000000000.000000
-6277438562204192500000000000000000000000000000000000000000000000000.000000
-6277438562204192500000000000000000000000000000000000000000000000000.000000
-6277438562204192500000000000000000000000000000000000000000000000000.000000
-6277438562204192500000000000000000000000000000000000000000000000000.000000
-6277438562204192500000000000000000000000000000000000000000000000000.000000
-6277438562204192500000000000000000000000000000000000000000000000000.000000
-6277438562204192500000000000000000000000000000000000000000000000000.000000
-6277438562204192500000000000000000000000000000000000000000000000000.000000
-6277438562204192500000000000000000000000000000000000000000000000000.000000
-6277438562204192500000000000000000000000000000000000000000000000000.000000
-6277438562204192500000000000000000000000000000000000000000000000000.000000
-6277438562204192500000000000000000000000000000000000000000000000000.000000
-6277438562204192500000000000000000000000000000000000000000000000000.000000
-6277438562204192500000000000000000000000000000000000000000000000000.000000
-6277438562204192500000000000000000000000000000000000000000000000000.000000
-6277438562204192500000000000000000000000000000000000000000000000000.000000
-6277438562204192500000000000000000000000000000000000000000000000000.000000
-6277438562204192500000000000000000000000000000000000000000000000000.000000
-6277438562204192500000000000000000000000000000000000000000000000000.000000
-6277438562204192500000000000000000000000000000000000000000000000000.000000
-6277438562204192500000000000000000000000000000000000000000000000000.000000
-6277438562204192500000000000000000000000000000000000000000000000000.000000
1.000000
1.000000
1.000000
1.000000
-6277438562204192500000000000000000000000000000000000000000000000000.000000
-6277438562204192500000000000000000000000000000000000000000000000000.000000
-6277438562204192500000000000000000000000000000000000000000000000000.000000
-6277438562204192500000000000000000000000000000000000000000000000000.000000
-6277438562204192500000000000000000000000000000000000000000000000000.000000
-6277438562204192500000000000000000000000000000000000000000000000000.000000
-6277438562204192500000000000000000000000000000000000000000000000000.000000
-6277438562204192500000000000000000000000000000000000000000000000000.000000
-6277438562204192500000000000000000000000000000000000000000000000000.000000
-6277438562204192500000000000000000000000000000000000000000000000000.000000
-6277438562204192500000000000000000000000000000000000000000000000000.000000
-6277438562204192500000000000000000000000000000000000000000000000000.000000
-6277438562204192500000000000000000000000000000000000000000000000000.000000
-6277438562204192500000000000000000000000000000000000000000000000000.000000
-6277438562204192500000000000000000000000000000000000000000000000000.000000
-6277438562204192500000000000000000000000000000000000000000000000000.000000
-6277438562204192500000000000000000000000000000000000000000000000000.000000
-6277438562204192500000000000000000000000000000000000000000000000000.000000
-6277438562204192500000000000000000000000000000000000000000000000000.000000
-6277438562204192500000000000000000000000000000000000000000000000000.000000
-6277438562204192500000000000000000000000000000000000000000000000000.000000
-6277438562204192500000000000000000000000000000000000000000000000000.000000
-6277438562204192500000000000000000000000000000000000000000000000000.000000
-6277438562204192500000000000000000000000000000000000000000000000000.000000
-6277438562204192500000000000000000000000000000000000000000000000000.000000
-6277438562204192500000000000000000000000000000000000000000000000000.000000
1.000000
1.000000
1.000000
1.000000
1.000000
1.000000
1.000000
1.000000
1.000000
1.000000
1.000000
1.000000
1.000000
1.000000
-6277438562204192500000000000000000000000000000000000000000000000000.000000
-6277438562204192500000000000000000000000000000000000000000000000000.000000
-6277438562204192500000000000000000000000000000000000000000000000000.000000
-6277438562204192500000000000000000000000000000000000000000000000000.000000
-6277438562204192500000000000000000000000000000000000000000000000000.000000
-6277438562204192500000000000000000000000000000000000000000000000000.000000
-6277438562204192500000000000000000000000000000000000000000000000000.000000
-6277438562204192500000000000000000000000000000000000000000000000000.000000
-6277438562204192500000000000000000000000000000000000000000000000000.000000
-6277438562204192500000000000000000000000000000000000000000000000000.000000
-6277438562204192500000000000000000000000000000000000000000000000000.000000
-6277438562204192500000000000000000000000000000000000000000000000000.000000
-6277438562204192500000000000000000000000000000000000000000000000000.000000
1.000000
1.000000
1.000000
1.000000
1.000000
1.000000
1.000000
1.000000
1.000000
1.000000
1.000000
1.000000
1.000000
-6277438562204192500000000000000000000000000000000000000000000000000.000000
-6277438562204192500000000000000000000000000000000000000000000000000.000000
-6277438562204192500000000000000000000000000000000000000000000000000.000000
-6277438562204192500000000000000000000000000000000000000000000000000.000000
-6277438562204192500000000000000000000000000000000000000000000000000.000000
-6277438562204192500000000000000000000000000000000000000000000000000.000000
-6277438562204192500000000000000000000000000000000000000000000000000.000000
-6277438562204192500000000000000000000000000000000000000000000000000.000000
-6277438562204192500000000000000000000000000000000000000000000000000.000000
-6277438562204192500000000000000000000000000000000000000000000000000.000000
-6277438562204192500000000000000000000000000000000000000000000000000.000000
-6277438562204192500000000000000000000000000000000000000000000000000.000000
-6277438562204192500000000000000000000000000000000000000000000000000.000000
1.000000
1.000000
1.000000
1.000000
1.000000
1.000000
1.000000
1.000000
1.000000
1.000000
1.000000
1.000000
1.000000
1.000000
1.000000
1.000000
1.000000
1.000000
1.000000
1.000000
1.000000
1.000000
1.000000
1.000000
1.000000
1.000000
1.000000
-6277438562204192500000000000000000000000000000000000000000000000000.000000
-6277438562204192500000000000000000000000000000000000000000000000000.000000
-6277438562204192500000000000000000000000000000000000000000000000000.000000
-6277438562204192500000000000000000000000000000000000000000000000000.000000
-6277438562204192500000000000000000000000000000000000000000000000000.000000
-6277438562204192500000000000000000000000000000000000000000000000000.000000
-6277438562204192500000000000000000000000000000000000000000000000000.000000
-6277438562204192500000000000000000000000000000000000000000000000000.000000
-6277438562204192500000000000000000000000000000000000000000000000000.000000
-6277438562204192500000000000000000000000000000000000000000000000000.000000
1.000000
1.000000
1.000000
1.000000
1.000000
1.000000
1.000000
1.000000
1.000000
1.000000
1.000000
1.000000
1.000000
1.000000
1.000000
1.000000
-6277438562204192500000000000000000000000000000000000000000000000000.000000
-6277438562204192500000000000000000000000000000000000000000000000000.000000
-6277438562204192500000000000000000000000000000000000000000000000000.000000
-6277438562204192500000000000000000000000000000000000000000000000000.000000
-6277438562204192500000000000000000000000000000000000000000000000000.000000
-6277438562204192500000000000000000000000000000000000000000000000000.000000
-6277438562204192500000000000000000000000000000000000000000000000000.000000
-6277438562204192500000000000000000000000000000000000000000000000000.000000
-6277438562204192500000000000000000000000000000000000000000000000000.000000
-6277438562204192500000000000000000000000000000000000000000000000000.000000
-6277438562204192500000000000000000000000000000000000000000000000000.000000
-6277438562204192500000000000000000000000000000000000000000000000000.000000
-6277438562204192500000000000000000000000000000000000000000000000000.000000
1.000000
1.000000
1.000000
1.000000
1.000000
1.000000
1.000000
1.000000
1.000000
1.000000
1.000000
1.000000
1.000000
-6277438562204192500000000000000000000000000000000000000000000000000.000000
-6277438562204192500000000000000000000000000000000000000000000000000.000000
-6277438562204192500000000000000000000000000000000000000000000000000.000000
-6277438562204192500000000000000000000000000000000000000000000000000.000000
-6277438562204192500000000000000000000000000000000000000000000000000.000000
-6277438562204192500000000000000000000000000000000000000000000000000.000000
-6277438562204192500000000000000000000000000000000000000000000000000.000000
-6277438562204192500000000000000000000000000000000000000000000000000.000000
-6277438562204192500000000000000000000000000000000000000000000000000.000000
-6277438562204192500000000000000000000000000000000000000000000000000.000000
-6277438562204192500000000000000000000000000000000000000000000000000.000000
-6277438562204192500000000000000000000000000000000000000000000000000.000000
-6277438562204192500000000000000000000000000000000000000000000000000.000000
-6277438562204192500000000000000000000000000000000000000000000000000.000000
-6277438562204192500000000000000000000000000000000000000000000000000.000000
-6277438562204192500000000000000000000000000000000000000000000000000.000000
-6277438562204192500000000000000000000000000000000000000000000000000.000000
-6277438562204192500000000000000000000000000000000000000000000000000.000000
1.000000
1.000000
1.000000
1.000000
1.000000
1.000000
1.000000
1.000000
1.000000
1.000000
1.000000
1.000000
1.000000
1.000000
1.000000
1.000000
1.000000
1.000000
1.000000
1.000000
1.000000
1.000000
-6277438562204192500000000000000000000000000000000000000000000000000.000000
-6277438562204192500000000000000000000000000000000000000000000000000.000000
-6277438562204192500000000000000000000000000000000000000000000000000.000000
-6277438562204192500000000000000000000000000000000000000000000000000.000000
-6277438562204192500000000000000000000000000000000000000000000000000.000000
-6277438562204192500000000000000000000000000000000000000000000000000.000000
-6277438562204192500000000000000000000000000000000000000000000000000.000000
-6277438562204192500000000000000000000000000000000000000000000000000.000000
1.000000
1.000000
1.000000
1.000000
1.000000
1.000000
1.000000
1.000000
1.000000
1.000000
1.000000
1.000000
1.000000
1.000000
1.000000
1.000000
1.000000
1.000000
-6277438562204192500000000000000000000000000000000000000000000000000.000000
-6277438562204192500000000000000000000000000000000000000000000000000.000000
-6277438562204192500000000000000000000000000000000000000000000000000.000000
-6277438562204192500000000000000000000000000000000000000000000000000.000000
-6277438562204192500000000000000000000000000000000000000000000000000.000000
-6277438562204192500000000000000000000000000000000000000000000000000.000000
-6277438562204192500000000000000000000000000000000000000000000000000.000000
-6277438562204192500000000000000000000000000000000000000000000000000.000000
-6277438562204192500000000000000000000000000000000000000000000000000.000000
-6277438562204192500000000000000000000000000000000000000000000000000.000000
-6277438562204192500000000000000000000000000000000000000000000000000.000000
-6277438562204192500000000000000000000000000000000000000000000000000.000000
1.000000
1.000000
1.000000
1.000000
1.000000
1.000000
1.000000
1.000000
1.000000
1.000000
1.000000
1.000000
1.000000
1.000000
1.000000
1.000000
1.000000
1.000000
1.000000
1.000000
1.000000
1.000000
1.000000
1.000000
1.000000
1.000000
1.000000
1.000000
1.000000
1.000000
1.000000
1.000000
1.000000
1.000000
1.000000
1.000000
1.000000
1.000000
1.000000
1.000000
-6277438562204192500000000000000000000000000000000000000000000000000.000000
-6277438562204192500000000000000000000000000000000000000000000000000.000000
-6277438562204192500000000000000000000000000000000000000000000000000.000000
-6277438562204192500000000000000000000000000000000000000000000000000.000000
-6277438562204192500000000000000000000000000000000000000000000000000.000000
-6277438562204192500000000000000000000000000000000000000000000000000.000000
-6277438562204192500000000000000000000000000000000000000000000000000.000000
-6277438562204192500000000000000000000000000000000000000000000000000.000000
-6277438562204192500000000000000000000000000000000000000000000000000.000000
-6277438562204192500000000000000000000000000000000000000000000000000.000000
-6277438562204192500000000000000000000000000000000000000000000000000.000000
-6277438562204192500000000000000000000000000000000000000000000000000.000000
-6277438562204192500000000000000000000000000000000000000000000000000.000000
-6277438562204192500000000000000000000000000000000000000000000000000.000000
-6277438562204192500000000000000000000000000000000000000000000000000.000000
-6277438562204192500000000000000000000000000000000000000000000000000.000000
-6277438562204192500000000000000000000000000000000000000000000000000.000000
-6277438562204192500000000000000000000000000000000000000000000000000.000000
-6277438562204192500000000000000000000000000000000000000000000000000.000000
-6277438562204192500000000000000000000000000000000000000000000000000.000000
Convergence series:
13783543559.532366
9392561118.697353
9392561118.697353
413886439.520151
253998.407564
190.391792
190.391792
7.301198
6.254918
6.254918
1.874346
1.874346
1.874346
1.874346
1.661388
1.661388
1.367788
1.081546
1.081546
1.081546
1.043653
1.043653
1.024664
1.024664
1.024664
1.018576
1.012848
1.004478
1.002735
1.002735
1.002735
1.001389
1.001180
1.000974
1.000957
1.000503
1.000090
1.000025
1.000025
1.000025
1.000025
1.000025
1.000020
1.000020
1.000020
1.000014
1.000011
1.000011
1.000009
1.000009
1.000009
1.000009
1.000008
1.000004
1.000003
1.000003
1.000003
1.000003
1.000002
1.000001
1.000001
1.000001
1.000000
1.000000
1.000000
1.000000
1.000000
1.000000
1.000000
1.000000
1.000000
1.000000
1.000000
1.000000
1.000000
1.000000
1.000000
1.000000
1.000000
1.000000
1.000000
1.000000
1.000000
1.000000
1.000000
1.000000
1.000000
1.000000
1.000000
1.000000
1.000000
1.000000
1.000000
1.000000
1.000000
1.000000
1.000000
1.000000
1.000000
1.000000
