Final Best values:
179769313486231570000000000000000000000000000000000000000000000000000000000000000000000000000000000000000000000000000000000000000000000000000000000000000000000000000000000000000000000000000000000000000000000000000000000000000000000000000000000000000000000000000000000000000000000000000000000000000000000000000.000000
179769313486231570000000000000000000000000000000000000000000000000000000000000000000000000000000000000000000000000000000000000000000000000000000000000000000000000000000000000000000000000000000000000000000000000000000000000000000000000000000000000000000000000000000000000000000000000000000000000000000000000000.000000
179769313486231570000000000000000000000000000000000000000000000000000000000000000000000000000000000000000000000000000000000000000000000000000000000000000000000000000000000000000000000000000000000000000000000000000000000000000000000000000000000000000000000000000000000000000000000000000000000000000000000000000.000000
0.459349
0.459349
179769313486231570000000000000000000000000000000000000000000000000000000000000000000000000000000000000000000000000000000000000000000000000000000000000000000000000000000000000000000000000000000000000000000000000000000000000000000000000000000000000000000000000000000000000000000000000000000000000000000000000000.000000
6.886412
179769313486231570000000000000000000000000000000000000000000000000000000000000000000000000000000000000000000000000000000000000000000000000000000000000000000000000000000000000000000000000000000000000000000000000000000000000000000000000000000000000000000000000000000000000000000000000000000000000000000000000000.000000
179769313486231570000000000000000000000000000000000000000000000000000000000000000000000000000000000000000000000000000000000000000000000000000000000000000000000000000000000000000000000000000000000000000000000000000000000000000000000000000000000000000000000000000000000000000000000000000000000000000000000000000.000000
179769313486231570000000000000000000000000000000000000000000000000000000000000000000000000000000000000000000000000000000000000000000000000000000000000000000000000000000000000000000000000000000000000000000000000000000000000000000000000000000000000000000000000000000000000000000000000000000000000000000000000000.000000
179769313486231570000000000000000000000000000000000000000000000000000000000000000000000000000000000000000000000000000000000000000000000000000000000000000000000000000000000000000000000000000000000000000000000000000000000000000000000000000000000000000000000000000000000000000000000000000000000000000000000000000.000000
179769313486231570000000000000000000000000000000000000000000000000000000000000000000000000000000000000000000000000000000000000000000000000000000000000000000000000000000000000000000000000000000000000000000000000000000000000000000000000000000000000000000000000000000000000000000000000000000000000000000000000000.000000
1.452811
179769313486231570000000000000000000000000000000000000000000000000000000000000000000000000000000000000000000000000000000000000000000000000000000000000000000000000000000000000000000000000000000000000000000000000000000000000000000000000000000000000000000000000000000000000000000000000000000000000000000000000000.000000
179769313486231570000000000000000000000000000000000000000000000000000000000000000000000000000000000000000000000000000000000000000000000000000000000000000000000000000000000000000000000000000000000000000000000000000000000000000000000000000000000000000000000000000000000000000000000000000000000000000000000000000.000000
179769313486231570000000000000000000000000000000000000000000000000000000000000000000000000000000000000000000000000000000000000000000000000000000000000000000000000000000000000000000000000000000000000000000000000000000000000000000000000000000000000000000000000000000000000000000000000000000000000000000000000000.000000
179769313486231570000000000000000000000000000000000000000000000000000000000000000000000000000000000000000000000000000000000000000000000000000000000000000000000000000000000000000000000000000000000000000000000000000000000000000000000000000000000000000000000000000000000000000000000000000000000000000000000000000.000000
179769313486231570000000000000000000000000000000000000000000000000000000000000000000000000000000000000000000000000000000000000000000000000000000000000000000000000000000000000000000000000000000000000000000000000000000000000000000000000000000000000000000000000000000000000000000000000000000000000000000000000000.000000
179769313486231570000000000000000000000000000000000000000000000000000000000000000000000000000000000000000000000000000000000000000000000000000000000000000000000000000000000000000000000000000000000000000000000000000000000000000000000000000000000000000000000000000000000000000000000000000000000000000000000000000.000000
179769313486231570000000000000000000000000000000000000000000000000000000000000000000000000000000000000000000000000000000000000000000000000000000000000000000000000000000000000000000000000000000000000000000000000000000000000000000000000000000000000000000000000000000000000000000000000000000000000000000000000000.000000
RUN Best values:
-6277438562204192500000000000000000000000000000000000000000000000000.000000
-6277438562204192500000000000000000000000000000000000000000000000000.000000
-6277438562204192500000000000000000000000000000000000000000000000000.000000
-6277438562204192500000000000000000000000000000000000000000000000000.000000
-6277438562204192500000000000000000000000000000000000000000000000000.000000
-6277438562204192500000000000000000000000000000000000000000000000000.000000
-6277438562204192500000000000000000000000000000000000000000000000000.000000
-6277438562204192500000000000000000000000000000000000000000000000000.000000
-6277438562204192500000000000000000000000000000000000000000000000000.000000
-6277438562204192500000000000000000000000000000000000000000000000000.000000
-6277438562204192500000000000000000000000000000000000000000000000000.000000
-6277438562204192500000000000000000000000000000000000000000000000000.000000
-6277438562204192500000000000000000000000000000000000000000000000000.000000
-6277438562204192500000000000000000000000000000000000000000000000000.000000
-6277438562204192500000000000000000000000000000000000000000000000000.000000
-6277438562204192500000000000000000000000000000000000000000000000000.000000
-6277438562204192500000000000000000000000000000000000000000000000000.000000
-6277438562204192500000000000000000000000000000000000000000000000000.000000
-6277438562204192500000000000000000000000000000000000000000000000000.000000
-6277438562204192500000000000000000000000000000000000000000000000000.000000
-6277438562204192500000000000000000000000000000000000000000000000000.000000
-6277438562204192500000000000000000000000000000000000000000000000000.000000
-6277438562204192500000000000000000000000000000000000000000000000000.000000
-6277438562204192500000000000000000000000000000000000000000000000000.000000
-6277438562204192500000000000000000000000000000000000000000000000000.000000
-6277438562204192500000000000000000000000000000000000000000000000000.000000
-6277438562204192500000000000000000000000000000000000000000000000000.000000
-6277438562204192500000000000000000000000000000000000000000000000000.000000
-6277438562204192500000000000000000000000000000000000000000000000000.000000
-6277438562204192500000000000000000000000000000000000000000000000000.000000
-6277438562204192500000000000000000000000000000000000000000000000000.000000
-6277438562204192500000000000000000000000000000000000000000000000000.000000
-6277438562204192500000000000000000000000000000000000000000000000000.000000
-6277438562204192500000000000000000000000000000000000000000000000000.000000
-6277438562204192500000000000000000000000000000000000000000000000000.000000
-6277438562204192500000000000000000000000000000000000000000000000000.000000
-6277438562204192500000000000000000000000000000000000000000000000000.000000
-6277438562204192500000000000000000000000000000000000000000000000000.000000
-6277438562204192500000000000000000000000000000000000000000000000000.000000
-6277438562204192500000000000000000000000000000000000000000000000000.000000
-6277438562204192500000000000000000000000000000000000000000000000000.000000
-6277438562204192500000000000000000000000000000000000000000000000000.000000
-6277438562204192500000000000000000000000000000000000000000000000000.000000
-6277438562204192500000000000000000000000000000000000000000000000000.000000
-6277438562204192500000000000000000000000000000000000000000000000000.000000
-6277438562204192500000000000000000000000000000000000000000000000000.000000
-6277438562204192500000000000000000000000000000000000000000000000000.000000
-6277438562204192500000000000000000000000000000000000000000000000000.000000
-6277438562204192500000000000000000000000000000000000000000000000000.000000
-6277438562204192500000000000000000000000000000000000000000000000000.000000
-6277438562204192500000000000000000000000000000000000000000000000000.000000
-6277438562204192500000000000000000000000000000000000000000000000000.000000
-6277438562204192500000000000000000000000000000000000000000000000000.000000
-6277438562204192500000000000000000000000000000000000000000000000000.000000
-6277438562204192500000000000000000000000000000000000000000000000000.000000
-6277438562204192500000000000000000000000000000000000000000000000000.000000
-6277438562204192500000000000000000000000000000000000000000000000000.000000
-6277438562204192500000000000000000000000000000000000000000000000000.000000
-6277438562204192500000000000000000000000000000000000000000000000000.000000
-6277438562204192500000000000000000000000000000000000000000000000000.000000
-6277438562204192500000000000000000000000000000000000000000000000000.000000
-6277438562204192500000000000000000000000000000000000000000000000000.000000
-6277438562204192500000000000000000000000000000000000000000000000000.000000
-6277438562204192500000000000000000000000000000000000000000000000000.000000
-6277438562204192500000000000000000000000000000000000000000000000000.000000
-6277438562204192500000000000000000000000000000000000000000000000000.000000
-6277438562204192500000000000000000000000000000000000000000000000000.000000
-6277438562204192500000000000000000000000000000000000000000000000000.000000
-6277438562204192500000000000000000000000000000000000000000000000000.000000
-6277438562204192500000000000000000000000000000000000000000000000000.000000
-6277438562204192500000000000000000000000000000000000000000000000000.000000
-6277438562204192500000000000000000000000000000000000000000000000000.000000
-6277438562204192500000000000000000000000000000000000000000000000000.000000
-6277438562204192500000000000000000000000000000000000000000000000000.000000
-6277438562204192500000000000000000000000000000000000000000000000000.000000
-6277438562204192500000000000000000000000000000000000000000000000000.000000
-6277438562204192500000000000000000000000000000000000000000000000000.000000
-6277438562204192500000000000000000000000000000000000000000000000000.000000
-6277438562204192500000000000000000000000000000000000000000000000000.000000
-6277438562204192500000000000000000000000000000000000000000000000000.000000
-6277438562204192500000000000000000000000000000000000000000000000000.000000
-6277438562204192500000000000000000000000000000000000000000000000000.000000
-6277438562204192500000000000000000000000000000000000000000000000000.000000
-6277438562204192500000000000000000000000000000000000000000000000000.000000
-6277438562204192500000000000000000000000000000000000000000000000000.000000
-6277438562204192500000000000000000000000000000000000000000000000000.000000
-6277438562204192500000000000000000000000000000000000000000000000000.000000
-6277438562204192500000000000000000000000000000000000000000000000000.000000
-6277438562204192500000000000000000000000000000000000000000000000000.000000
-6277438562204192500000000000000000000000000000000000000000000000000.000000
-6277438562204192500000000000000000000000000000000000000000000000000.000000
-6277438562204192500000000000000000000000000000000000000000000000000.000000
-6277438562204192500000000000000000000000000000000000000000000000000.000000
-6277438562204192500000000000000000000000000000000000000000000000000.000000
-6277438562204192500000000000000000000000000000000000000000000000000.000000
-6277438562204192500000000000000000000000000000000000000000000000000.000000
-6277438562204192500000000000000000000000000000000000000000000000000.000000
-6277438562204192500000000000000000000000000000000000000000000000000.000000
-6277438562204192500000000000000000000000000000000000000000000000000.000000
-6277438562204192500000000000000000000000000000000000000000000000000.000000
-6277438562204192500000000000000000000000000000000000000000000000000.000000
-6277438562204192500000000000000000000000000000000000000000000000000.000000
-6277438562204192500000000000000000000000000000000000000000000000000.000000
-6277438562204192500000000000000000000000000000000000000000000000000.000000
-6277438562204192500000000000000000000000000000000000000000000000000.000000
-6277438562204192500000000000000000000000000000000000000000000000000.000000
-6277438562204192500000000000000000000000000000000000000000000000000.000000
-6277438562204192500000000000000000000000000000000000000000000000000.000000
-6277438562204192500000000000000000000000000000000000000000000000000.000000
-6277438562204192500000000000000000000000000000000000000000000000000.000000
-6277438562204192500000000000000000000000000000000000000000000000000.000000
-6277438562204192500000000000000000000000000000000000000000000000000.000000
-6277438562204192500000000000000000000000000000000000000000000000000.000000
-6277438562204192500000000000000000000000000000000000000000000000000.000000
-6277438562204192500000000000000000000000000000000000000000000000000.000000
-6277438562204192500000000000000000000000000000000000000000000000000.000000
0.459349
0.459349
0.459349
0.459349
0.459349
0.459349
0.459349
0.459349
-6277438562204192500000000000000000000000000000000000000000000000000.000000
-6277438562204192500000000000000000000000000000000000000000000000000.000000
-6277438562204192500000000000000000000000000000000000000000000000000.000000
-6277438562204192500000000000000000000000000000000000000000000000000.000000
-6277438562204192500000000000000000000000000000000000000000000000000.000000
-6277438562204192500000000000000000000000000000000000000000000000000.000000
-6277438562204192500000000000000000000000000000000000000000000000000.000000
-6277438562204192500000000000000000000000000000000000000000000000000.000000
-6277438562204192500000000000000000000000000000000000000000000000000.000000
-6277438562204192500000000000000000000000000000000000000000000000000.000000
-6277438562204192500000000000000000000000000000000000000000000000000.000000
-6277438562204192500000000000000000000000000000000000000000000000000.000000
-6277438562204192500000000000000000000000000000000000000000000000000.000000
-6277438562204192500000000000000000000000000000000000000000000000000.000000
-6277438562204192500000000000000000000000000000000000000000000000000.000000
-6277438562204192500000000000000000000000000000000000000000000000000.000000
-6277438562204192500000000000000000000000000000000000000000000000000.000000
-6277438562204192500000000000000000000000000000000000000000000000000.000000
-6277438562204192500000000000000000000000000000000000000000000000000.000000
-6277438562204192500000000000000000000000000000000000000000000000000.000000
-6277438562204192500000000000000000000000000000000000000000000000000.000000
-6277438562204192500000000000000000000000000000000000000000000000000.000000
-6277438562204192500000000000000000000000000000000000000000000000000.000000
-6277438562204192500000000000000000000000000000000000000000000000000.000000
-6277438562204192500000000000000000000000000000000000000000000000000.000000
-6277438562204192500000000000000000000000000000000000000000000000000.000000
-6277438562204192500000000000000000000000000000000000000000000000000.000000
-6277438562204192500000000000000000000000000000000000000000000000000.000000
-6277438562204192500000000000000000000000000000000000000000000000000.000000
-6277438562204192500000000000000000000000000000000000000000000000000.000000
-6277438562204192500000000000000000000000000000000000000000000000000.000000
-6277438562204192500000000000000000000000000000000000000000000000000.000000
-6277438562204192500000000000000000000000000000000000000000000000000.000000
-6277438562204192500000000000000000000000000000000000000000000000000.000000
-6277438562204192500000000000000000000000000000000000000000000000000.000000
-6277438562204192500000000000000000000000000000000000000000000000000.000000
-6277438562204192500000000000000000000000000000000000000000000000000.000000
-6277438562204192500000000000000000000000000000000000000000000000000.000000
-6277438562204192500000000000000000000000000000000000000000000000000.000000
-6277438562204192500000000000000000000000000000000000000000000000000.000000
-6277438562204192500000000000000000000000000000000000000000000000000.000000
-6277438562204192500000000000000000000000000000000000000000000000000.000000
-6277438562204192500000000000000000000000000000000000000000000000000.000000
-6277438562204192500000000000000000000000000000000000000000000000000.000000
-6277438562204192500000000000000000000000000000000000000000000000000.000000
-6277438562204192500000000000000000000000000000000000000000000000000.000000
-6277438562204192500000000000000000000000000000000000000000000000000.000000
-6277438562204192500000000000000000000000000000000000000000000000000.000000
-6277438562204192500000000000000000000000000000000000000000000000000.000000
-6277438562204192500000000000000000000000000000000000000000000000000.000000
-6277438562204192500000000000000000000000000000000000000000000000000.000000
-6277438562204192500000000000000000000000000000000000000000000000000.000000
-6277438562204192500000000000000000000000000000000000000000000000000.000000
-6277438562204192500000000000000000000000000000000000000000000000000.000000
-6277438562204192500000000000000000000000000000000000000000000000000.000000
-6277438562204192500000000000000000000000000000000000000000000000000.000000
-6277438562204192500000000000000000000000000000000000000000000000000.000000
-6277438562204192500000000000000000000000000000000000000000000000000.000000
6.886412
6.886412
6.886412
6.886412
6.886412
6.886412
6.886412
6.886412
-6277438562204192500000000000000000000000000000000000000000000000000.000000
-6277438562204192500000000000000000000000000000000000000000000000000.000000
-6277438562204192500000000000000000000000000000000000000000000000000.000000
-6277438562204192500000000000000000000000000000000000000000000000000.000000
-6277438562204192500000000000000000000000000000000000000000000000000.000000
-6277438562204192500000000000000000000000000000000000000000000000000.000000
-6277438562204192500000000000000000000000000000000000000000000000000.000000
-6277438562204192500000000000000000000000000000000000000000000000000.000000
-6277438562204192500000000000000000000000000000000000000000000000000.000000
-6277438562204192500000000000000000000000000000000000000000000000000.000000
-6277438562204192500000000000000000000000000000000000000000000000000.000000
-6277438562204192500000000000000000000000000000000000000000000000000.000000
-6277438562204192500000000000000000000000000000000000000000000000000.000000
-6277438562204192500000000000000000000000000000000000000000000000000.000000
-6277438562204192500000000000000000000000000000000000000000000000000.000000
-6277438562204192500000000000000000000000000000000000000000000000000.000000
-6277438562204192500000000000000000000000000000000000000000000000000.000000
-6277438562204192500000000000000000000000000000000000000000000000000.000000
-6277438562204192500000000000000000000000000000000000000000000000000.000000
-6277438562204192500000000000000000000000000000000000000000000000000.000000
-6277438562204192500000000000000000000000000000000000000000000000000.000000
-6277438562204192500000000000000000000000000000000000000000000000000.000000
-6277438562204192500000000000000000000000000000000000000000000000000.000000
-6277438562204192500000000000000000000000000000000000000000000000000.000000
-6277438562204192500000000000000000000000000000000000000000000000000.000000
-6277438562204192500000000000000000000000000000000000000000000000000.000000
-6277438562204192500000000000000000000000000000000000000000000000000.000000
-6277438562204192500000000000000000000000000000000000000000000000000.000000
-6277438562204192500000000000000000000000000000000000000000000000000.000000
-6277438562204192500000000000000000000000000000000000000000000000000.000000
-6277438562204192500000000000000000000000000000000000000000000000000.000000
-6277438562204192500000000000000000000000000000000000000000000000000.000000
-6277438562204192500000000000000000000000000000000000000000000000000.000000
-6277438562204192500000000000000000000000000000000000000000000000000.000000
-6277438562204192500000000000000000000000000000000000000000000000000.000000
-6277438562204192500000000000000000000000000000000000000000000000000.000000
-6277438562204192500000000000000000000000000000000000000000000000000.000000
-6277438562204192500000000000000000000000000000000000000000000000000.000000
-6277438562204192500000000000000000000000000000000000000000000000000.000000
-6277438562204192500000000000000000000000000000000000000000000000000.000000
-6277438562204192500000000000000000000000000000000000000000000000000.000000
-6277438562204192500000000000000000000000000000000000000000000000000.000000
-6277438562204192500000000000000000000000000000000000000000000000000.000000
-6277438562204192500000000000000000000000000000000000000000000000000.000000
-6277438562204192500000000000000000000000000000000000000000000000000.000000
-6277438562204192500000000000000000000000000000000000000000000000000.000000
-6277438562204192500000000000000000000000000000000000000000000000000.000000
-6277438562204192500000000000000000000000000000000000000000000000000.000000
-6277438562204192500000000000000000000000000000000000000000000000000.000000
-6277438562204192500000000000000000000000000000000000000000000000000.000000
-6277438562204192500000000000000000000000000000000000000000000000000.000000
-6277438562204192500000000000000000000000000000000000000000000000000.000000
-6277438562204192500000000000000000000000000000000000000000000000000.000000
-6277438562204192500000000000000000000000000000000000000000000000000.000000
-6277438562204192500000000000000000000000000000000000000000000000000.000000
-6277438562204192500000000000000000000000000000000000000000000000000.000000
-6277438562204192500000000000000000000000000000000000000000000000000.000000
-6277438562204192500000000000000000000000000000000000000000000000000.000000
-6277438562204192500000000000000000000000000000000000000000000000000.000000
-6277438562204192500000000000000000000000000000000000000000000000000.000000
-6277438562204192500000000000000000000000000000000000000000000000000.000000
-6277438562204192500000000000000000000000000000000000000000000000000.000000
-6277438562204192500000000000000000000000000000000000000000000000000.000000
-6277438562204192500000000000000000000000000000000000000000000000000.000000
-6277438562204192500000000000000000000000000000000000000000000000000.000000
-6277438562204192500000000000000000000000000000000000000000000000000.000000
-6277438562204192500000000000000000000000000000000000000000000000000.000000
-6277438562204192500000000000000000000000000000000000000000000000000.000000
-6277438562204192500000000000000000000000000000000000000000000000000.000000
-6277438562204192500000000000000000000000000000000000000000000000000.000000
-6277438562204192500000000000000000000000000000000000000000000000000.000000
-6277438562204192500000000000000000000000000000000000000000000000000.000000
-6277438562204192500000000000000000000000000000000000000000000000000.000000
-6277438562204192500000000000000000000000000000000000000000000000000.000000
-6277438562204192500000000000000000000000000000000000000000000000000.000000
-6277438562204192500000000000000000000000000000000000000000000000000.000000
-6277438562204192500000000000000000000000000000000000000000000000000.000000
-6277438562204192500000000000000000000000000000000000000000000000000.000000
-6277438562204192500000000000000000000000000000000000000000000000000.000000
-6277438562204192500000000000000000000000000000000000000000000000000.000000
-6277438562204192500000000000000000000000000000000000000000000000000.000000
-6277438562204192500000000000000000000000000000000000000000000000000.000000
-6277438562204192500000000000000000000000000000000000000000000000000.000000
-6277438562204192500000000000000000000000000000000000000000000000000.000000
-6277438562204192500000000000000000000000000000000000000000000000000.000000
-6277438562204192500000000000000000000000000000000000000000000000000.000000
-6277438562204192500000000000000000000000000000000000000000000000000.000000
-6277438562204192500000000000000000000000000000000000000000000000000.000000
-6277438562204192500000000000000000000000000000000000000000000000000.000000
-6277438562204192500000000000000000000000000000000000000000000000000.000000
-6277438562204192500000000000000000000000000000000000000000000000000.000000
-6277438562204192500000000000000000000000000000000000000000000000000.000000
-6277438562204192500000000000000000000000000000000000000000000000000.000000
-6277438562204192500000000000000000000000000000000000000000000000000.000000
-6277438562204192500000000000000000000000000000000000000000000000000.000000
-6277438562204192500000000000000000000000000000000000000000000000000.000000
-6277438562204192500000000000000000000000000000000000000000000000000.000000
-6277438562204192500000000000000000000000000000000000000000000000000.000000
-6277438562204192500000000000000000000000000000000000000000000000000.000000
-6277438562204192500000000000000000000000000000000000000000000000000.000000
-6277438562204192500000000000000000000000000000000000000000000000000.000000
-6277438562204192500000000000000000000000000000000000000000000000000.000000
-6277438562204192500000000000000000000000000000000000000000000000000.000000
-6277438562204192500000000000000000000000000000000000000000000000000.000000
-6277438562204192500000000000000000000000000000000000000000000000000.000000
-6277438562204192500000000000000000000000000000000000000000000000000.000000
-6277438562204192500000000000000000000000000000000000000000000000000.000000
-6277438562204192500000000000000000000000000000000000000000000000000.000000
-6277438562204192500000000000000000000000000000000000000000000000000.000000
-6277438562204192500000000000000000000000000000000000000000000000000.000000
-6277438562204192500000000000000000000000000000000000000000000000000.000000
-6277438562204192500000000000000000000000000000000000000000000000000.000000
-6277438562204192500000000000000000000000000000000000000000000000000.000000
-6277438562204192500000000000000000000000000000000000000000000000000.000000
-6277438562204192500000000000000000000000000000000000000000000000000.000000
-6277438562204192500000000000000000000000000000000000000000000000000.000000
-6277438562204192500000000000000000000000000000000000000000000000000.000000
-6277438562204192500000000000000000000000000000000000000000000000000.000000
-6277438562204192500000000000000000000000000000000000000000000000000.000000
-6277438562204192500000000000000000000000000000000000000000000000000.000000
-6277438562204192500000000000000000000000000000000000000000000000000.000000
-6277438562204192500000000000000000000000000000000000000000000000000.000000
-6277438562204192500000000000000000000000000000000000000000000000000.000000
-6277438562204192500000000000000000000000000000000000000000000000000.000000
-6277438562204192500000000000000000000000000000000000000000000000000.000000
-6277438562204192500000000000000000000000000000000000000000000000000.000000
-6277438562204192500000000000000000000000000000000000000000000000000.000000
-6277438562204192500000000000000000000000000000000000000000000000000.000000
-6277438562204192500000000000000000000000000000000000000000000000000.000000
-6277438562204192500000000000000000000000000000000000000000000000000.000000
-6277438562204192500000000000000000000000000000000000000000000000000.000000
-6277438562204192500000000000000000000000000000000000000000000000000.000000
-6277438562204192500000000000000000000000000000000000000000000000000.000000
-6277438562204192500000000000000000000000000000000000000000000000000.000000
-6277438562204192500000000000000000000000000000000000000000000000000.000000
-6277438562204192500000000000000000000000000000000000000000000000000.000000
-6277438562204192500000000000000000000000000000000000000000000000000.000000
-6277438562204192500000000000000000000000000000000000000000000000000.000000
-6277438562204192500000000000000000000000000000000000000000000000000.000000
-6277438562204192500000000000000000000000000000000000000000000000000.000000
-6277438562204192500000000000000000000000000000000000000000000000000.000000
-6277438562204192500000000000000000000000000000000000000000000000000.000000
-6277438562204192500000000000000000000000000000000000000000000000000.000000
-6277438562204192500000000000000000000000000000000000000000000000000.000000
-6277438562204192500000000000000000000000000000000000000000000000000.000000
-6277438562204192500000000000000000000000000000000000000000000000000.000000
-6277438562204192500000000000000000000000000000000000000000000000000.000000
-6277438562204192500000000000000000000000000000000000000000000000000.000000
-6277438562204192500000000000000000000000000000000000000000000000000.000000
-6277438562204192500000000000000000000000000000000000000000000000000.000000
-6277438562204192500000000000000000000000000000000000000000000000000.000000
-6277438562204192500000000000000000000000000000000000000000000000000.000000
-6277438562204192500000000000000000000000000000000000000000000000000.000000
-6277438562204192500000000000000000000000000000000000000000000000000.000000
-6277438562204192500000000000000000000000000000000000000000000000000.000000
-6277438562204192500000000000000000000000000000000000000000000000000.000000
-6277438562204192500000000000000000000000000000000000000000000000000.000000
-6277438562204192500000000000000000000000000000000000000000000000000.000000
-6277438562204192500000000000000000000000000000000000000000000000000.000000
-6277438562204192500000000000000000000000000000000000000000000000000.000000
-6277438562204192500000000000000000000000000000000000000000000000000.000000
-6277438562204192500000000000000000000000000000000000000000000000000.000000
-6277438562204192500000000000000000000000000000000000000000000000000.000000
-6277438562204192500000000000000000000000000000000000000000000000000.000000
-6277438562204192500000000000000000000000000000000000000000000000000.000000
-6277438562204192500000000000000000000000000000000000000000000000000.000000
-6277438562204192500000000000000000000000000000000000000000000000000.000000
-6277438562204192500000000000000000000000000000000000000000000000000.000000
-6277438562204192500000000000000000000000000000000000000000000000000.000000
-6277438562204192500000000000000000000000000000000000000000000000000.000000
-6277438562204192500000000000000000000000000000000000000000000000000.000000
-6277438562204192500000000000000000000000000000000000000000000000000.000000
-6277438562204192500000000000000000000000000000000000000000000000000.000000
-6277438562204192500000000000000000000000000000000000000000000000000.000000
-6277438562204192500000000000000000000000000000000000000000000000000.000000
-6277438562204192500000000000000000000000000000000000000000000000000.000000
-6277438562204192500000000000000000000000000000000000000000000000000.000000
-6277438562204192500000000000000000000000000000000000000000000000000.000000
-6277438562204192500000000000000000000000000000000000000000000000000.000000
-6277438562204192500000000000000000000000000000000000000000000000000.000000
-6277438562204192500000000000000000000000000000000000000000000000000.000000
-6277438562204192500000000000000000000000000000000000000000000000000.000000
-6277438562204192500000000000000000000000000000000000000000000000000.000000
-6277438562204192500000000000000000000000000000000000000000000000000.000000
-6277438562204192500000000000000000000000000000000000000000000000000.000000
-6277438562204192500000000000000000000000000000000000000000000000000.000000
-6277438562204192500000000000000000000000000000000000000000000000000.000000
-6277438562204192500000000000000000000000000000000000000000000000000.000000
-6277438562204192500000000000000000000000000000000000000000000000000.000000
-6277438562204192500000000000000000000000000000000000000000000000000.000000
-6277438562204192500000000000000000000000000000000000000000000000000.000000
-6277438562204192500000000000000000000000000000000000000000000000000.000000
1.452811
1.452811
1.452811
1.452811
1.452811
1.452811
1.452811
1.452811
-6277438562204192500000000000000000000000000000000000000000000000000.000000
-6277438562204192500000000000000000000000000000000000000000000000000.000000
-6277438562204192500000000000000000000000000000000000000000000000000.000000
-6277438562204192500000000000000000000000000000000000000000000000000.000000
-6277438562204192500000000000000000000000000000000000000000000000000.000000
-6277438562204192500000000000000000000000000000000000000000000000000.000000
-6277438562204192500000000000000000000000000000000000000000000000000.000000
-6277438562204192500000000000000000000000000000000000000000000000000.000000
-6277438562204192500000000000000000000000000000000000000000000000000.000000
-6277438562204192500000000000000000000000000000000000000000000000000.000000
-6277438562204192500000000000000000000000000000000000000000000000000.000000
-6277438562204192500000000000000000000000000000000000000000000000000.000000
-6277438562204192500000000000000000000000000000000000000000000000000.000000
-6277438562204192500000000000000000000000000000000000000000000000000.000000
-6277438562204192500000000000000000000000000000000000000000000000000.000000
-6277438562204192500000000000000000000000000000000000000000000000000.000000
-6277438562204192500000000000000000000000000000000000000000000000000.000000
-6277438562204192500000000000000000000000000000000000000000000000000.000000
-6277438562204192500000000000000000000000000000000000000000000000000.000000
-6277438562204192500000000000000000000000000000000000000000000000000.000000
-6277438562204192500000000000000000000000000000000000000000000000000.000000
-6277438562204192500000000000000000000000000000000000000000000000000.000000
-6277438562204192500000000000000000000000000000000000000000000000000.000000
-6277438562204192500000000000000000000000000000000000000000000000000.000000
-6277438562204192500000000000000000000000000000000000000000000000000.000000
-6277438562204192500000000000000000000000000000000000000000000000000.000000
-6277438562204192500000000000000000000000000000000000000000000000000.000000
-6277438562204192500000000000000000000000000000000000000000000000000.000000
-6277438562204192500000000000000000000000000000000000000000000000000.000000
-6277438562204192500000000000000000000000000000000000000000000000000.000000
-6277438562204192500000000000000000000000000000000000000000000000000.000000
-6277438562204192500000000000000000000000000000000000000000000000000.000000
-6277438562204192500000000000000000000000000000000000000000000000000.000000
-6277438562204192500000000000000000000000000000000000000000000000000.000000
-6277438562204192500000000000000000000000000000000000000000000000000.000000
-6277438562204192500000000000000000000000000000000000000000000000000.000000
-6277438562204192500000000000000000000000000000000000000000000000000.000000
-6277438562204192500000000000000000000000000000000000000000000000000.000000
-6277438562204192500000000000000000000000000000000000000000000000000.000000
-6277438562204192500000000000000000000000000000000000000000000000000.000000
-6277438562204192500000000000000000000000000000000000000000000000000.000000
-6277438562204192500000000000000000000000000000000000000000000000000.000000
-6277438562204192500000000000000000000000000000000000000000000000000.000000
-6277438562204192500000000000000000000000000000000000000000000000000.000000
-6277438562204192500000000000000000000000000000000000000000000000000.000000
-6277438562204192500000000000000000000000000000000000000000000000000.000000
-6277438562204192500000000000000000000000000000000000000000000000000.000000
-6277438562204192500000000000000000000000000000000000000000000000000.000000
-6277438562204192500000000000000000000000000000000000000000000000000.000000
-6277438562204192500000000000000000000000000000000000000000000000000.000000
-6277438562204192500000000000000000000000000000000000000000000000000.000000
-6277438562204192500000000000000000000000000000000000000000000000000.000000
-6277438562204192500000000000000000000000000000000000000000000000000.000000
-6277438562204192500000000000000000000000000000000000000000000000000.000000
-6277438562204192500000000000000000000000000000000000000000000000000.000000
-6277438562204192500000000000000000000000000000000000000000000000000.000000
-6277438562204192500000000000000000000000000000000000000000000000000.000000
-6277438562204192500000000000000000000000000000000000000000000000000.000000
-6277438562204192500000000000000000000000000000000000000000000000000.000000
-6277438562204192500000000000000000000000000000000000000000000000000.000000
-6277438562204192500000000000000000000000000000000000000000000000000.000000
-6277438562204192500000000000000000000000000000000000000000000000000.000000
-6277438562204192500000000000000000000000000000000000000000000000000.000000
-6277438562204192500000000000000000000000000000000000000000000000000.000000
-6277438562204192500000000000000000000000000000000000000000000000000.000000
-6277438562204192500000000000000000000000000000000000000000000000000.000000
-6277438562204192500000000000000000000000000000000000000000000000000.000000
-6277438562204192500000000000000000000000000000000000000000000000000.000000
-6277438562204192500000000000000000000000000000000000000000000000000.000000
-6277438562204192500000000000000000000000000000000000000000000000000.000000
-6277438562204192500000000000000000000000000000000000000000000000000.000000
-6277438562204192500000000000000000000000000000000000000000000000000.000000
-6277438562204192500000000000000000000000000000000000000000000000000.000000
-6277438562204192500000000000000000000000000000000000000000000000000.000000
-6277438562204192500000000000000000000000000000000000000000000000000.000000
-6277438562204192500000000000000000000000000000000000000000000000000.000000
-6277438562204192500000000000000000000000000000000000000000000000000.000000
-6277438562204192500000000000000000000000000000000000000000000000000.000000
-6277438562204192500000000000000000000000000000000000000000000000000.000000
-6277438562204192500000000000000000000000000000000000000000000000000.000000
-6277438562204192500000000000000000000000000000000000000000000000000.000000
-6277438562204192500000000000000000000000000000000000000000000000000.000000
-6277438562204192500000000000000000000000000000000000000000000000000.000000
-6277438562204192500000000000000000000000000000000000000000000000000.000000
-6277438562204192500000000000000000000000000000000000000000000000000.000000
-6277438562204192500000000000000000000000000000000000000000000000000.000000
-6277438562204192500000000000000000000000000000000000000000000000000.000000
-6277438562204192500000000000000000000000000000000000000000000000000.000000
-6277438562204192500000000000000000000000000000000000000000000000000.000000
-6277438562204192500000000000000000000000000000000000000000000000000.000000
-6277438562204192500000000000000000000000000000000000000000000000000.000000
-6277438562204192500000000000000000000000000000000000000000000000000.000000
-6277438562204192500000000000000000000000000000000000000000000000000.000000
-6277438562204192500000000000000000000000000000000000000000000000000.000000
-6277438562204192500000000000000000000000000000000000000000000000000.000000
-6277438562204192500000000000000000000000000000000000000000000000000.000000
-6277438562204192500000000000000000000000000000000000000000000000000.000000
-6277438562204192500000000000000000000000000000000000000000000000000.000000
-6277438562204192500000000000000000000000000000000000000000000000000.000000
-6277438562204192500000000000000000000000000000000000000000000000000.000000
-6277438562204192500000000000000000000000000000000000000000000000000.000000
-6277438562204192500000000000000000000000000000000000000000000000000.000000
-6277438562204192500000000000000000000000000000000000000000000000000.000000
-6277438562204192500000000000000000000000000000000000000000000000000.000000
-6277438562204192500000000000000000000000000000000000000000000000000.000000
-6277438562204192500000000000000000000000000000000000000000000000000.000000
-6277438562204192500000000000000000000000000000000000000000000000000.000000
-6277438562204192500000000000000000000000000000000000000000000000000.000000
-6277438562204192500000000000000000000000000000000000000000000000000.000000
-6277438562204192500000000000000000000000000000000000000000000000000.000000
-6277438562204192500000000000000000000000000000000000000000000000000.000000
-6277438562204192500000000000000000000000000000000000000000000000000.000000
-6277438562204192500000000000000000000000000000000000000000000000000.000000
-6277438562204192500000000000000000000000000000000000000000000000000.000000
-6277438562204192500000000000000000000000000000000000000000000000000.000000
-6277438562204192500000000000000000000000000000000000000000000000000.000000
-6277438562204192500000000000000000000000000000000000000000000000000.000000
-6277438562204192500000000000000000000000000000000000000000000000000.000000
-6277438562204192500000000000000000000000000000000000000000000000000.000000
-6277438562204192500000000000000000000000000000000000000000000000000.000000
-6277438562204192500000000000000000000000000000000000000000000000000.000000
-6277438562204192500000000000000000000000000000000000000000000000000.000000
-6277438562204192500000000000000000000000000000000000000000000000000.000000
-6277438562204192500000000000000000000000000000000000000000000000000.000000
-6277438562204192500000000000000000000000000000000000000000000000000.000000
-6277438562204192500000000000000000000000000000000000000000000000000.000000
-6277438562204192500000000000000000000000000000000000000000000000000.000000
-6277438562204192500000000000000000000000000000000000000000000000000.000000
-6277438562204192500000000000000000000000000000000000000000000000000.000000
-6277438562204192500000000000000000000000000000000000000000000000000.000000
-6277438562204192500000000000000000000000000000000000000000000000000.000000
-6277438562204192500000000000000000000000000000000000000000000000000.000000
-6277438562204192500000000000000000000000000000000000000000000000000.000000
-6277438562204192500000000000000000000000000000000000000000000000000.000000
-6277438562204192500000000000000000000000000000000000000000000000000.000000
-6277438562204192500000000000000000000000000000000000000000000000000.000000
-6277438562204192500000000000000000000000000000000000000000000000000.000000
-6277438562204192500000000000000000000000000000000000000000000000000.000000
-6277438562204192500000000000000000000000000000000000000000000000000.000000
-6277438562204192500000000000000000000000000000000000000000000000000.000000
-6277438562204192500000000000000000000000000000000000000000000000000.000000
-6277438562204192500000000000000000000000000000000000000000000000000.000000
-6277438562204192500000000000000000000000000000000000000000000000000.000000
-6277438562204192500000000000000000000000000000000000000000000000000.000000
-6277438562204192500000000000000000000000000000000000000000000000000.000000
-6277438562204192500000000000000000000000000000000000000000000000000.000000
-6277438562204192500000000000000000000000000000000000000000000000000.000000
-6277438562204192500000000000000000000000000000000000000000000000000.000000
-6277438562204192500000000000000000000000000000000000000000000000000.000000
-6277438562204192500000000000000000000000000000000000000000000000000.000000
-6277438562204192500000000000000000000000000000000000000000000000000.000000
-6277438562204192500000000000000000000000000000000000000000000000000.000000
-6277438562204192500000000000000000000000000000000000000000000000000.000000
-6277438562204192500000000000000000000000000000000000000000000000000.000000
-6277438562204192500000000000000000000000000000000000000000000000000.000000
-6277438562204192500000000000000000000000000000000000000000000000000.000000
-6277438562204192500000000000000000000000000000000000000000000000000.000000
-6277438562204192500000000000000000000000000000000000000000000000000.000000
-6277438562204192500000000000000000000000000000000000000000000000000.000000
-6277438562204192500000000000000000000000000000000000000000000000000.000000
-6277438562204192500000000000000000000000000000000000000000000000000.000000
-6277438562204192500000000000000000000000000000000000000000000000000.000000
-6277438562204192500000000000000000000000000000000000000000000000000.000000
-6277438562204192500000000000000000000000000000000000000000000000000.000000
-6277438562204192500000000000000000000000000000000000000000000000000.000000
-6277438562204192500000000000000000000000000000000000000000000000000.000000
-6277438562204192500000000000000000000000000000000000000000000000000.000000
-6277438562204192500000000000000000000000000000000000000000000000000.000000
-6277438562204192500000000000000000000000000000000000000000000000000.000000
-6277438562204192500000000000000000000000000000000000000000000000000.000000
-6277438562204192500000000000000000000000000000000000000000000000000.000000
-6277438562204192500000000000000000000000000000000000000000000000000.000000
-6277438562204192500000000000000000000000000000000000000000000000000.000000
-6277438562204192500000000000000000000000000000000000000000000000000.000000
-6277438562204192500000000000000000000000000000000000000000000000000.000000
-6277438562204192500000000000000000000000000000000000000000000000000.000000
-6277438562204192500000000000000000000000000000000000000000000000000.000000
-6277438562204192500000000000000000000000000000000000000000000000000.000000
-6277438562204192500000000000000000000000000000000000000000000000000.000000
-6277438562204192500000000000000000000000000000000000000000000000000.000000
-6277438562204192500000000000000000000000000000000000000000000000000.000000
-6277438562204192500000000000000000000000000000000000000000000000000.000000
-6277438562204192500000000000000000000000000000000000000000000000000.000000
-6277438562204192500000000000000000000000000000000000000000000000000.000000
-6277438562204192500000000000000000000000000000000000000000000000000.000000
-6277438562204192500000000000000000000000000000000000000000000000000.000000
-6277438562204192500000000000000000000000000000000000000000000000000.000000
-6277438562204192500000000000000000000000000000000000000000000000000.000000
-6277438562204192500000000000000000000000000000000000000000000000000.000000
-6277438562204192500000000000000000000000000000000000000000000000000.000000
-6277438562204192500000000000000000000000000000000000000000000000000.000000
-6277438562204192500000000000000000000000000000000000000000000000000.000000
-6277438562204192500000000000000000000000000000000000000000000000000.000000
-6277438562204192500000000000000000000000000000000000000000000000000.000000
-6277438562204192500000000000000000000000000000000000000000000000000.000000
-6277438562204192500000000000000000000000000000000000000000000000000.000000
-6277438562204192500000000000000000000000000000000000000000000000000.000000
-6277438562204192500000000000000000000000000000000000000000000000000.000000
-6277438562204192500000000000000000000000000000000000000000000000000.000000
-6277438562204192500000000000000000000000000000000000000000000000000.000000
-6277438562204192500000000000000000000000000000000000000000000000000.000000
-6277438562204192500000000000000000000000000000000000000000000000000.000000
-6277438562204192500000000000000000000000000000000000000000000000000.000000
-6277438562204192500000000000000000000000000000000000000000000000000.000000
-6277438562204192500000000000000000000000000000000000000000000000000.000000
-6277438562204192500000000000000000000000000000000000000000000000000.000000
-6277438562204192500000000000000000000000000000000000000000000000000.000000
-6277438562204192500000000000000000000000000000000000000000000000000.000000
-6277438562204192500000000000000000000000000000000000000000000000000.000000
-6277438562204192500000000000000000000000000000000000000000000000000.000000
Convergence series:
209.179591
208.887266
208.603564
208.328620
208.062551
207.805460
207.557427
207.318520
207.088785
206.868254
206.656938
206.454835
206.261923
206.078165
205.903508
205.737884
205.581207
205.433379
205.294287
205.163806
205.041795
204.928104
204.822569
204.725018
204.635265
204.553118
204.478375
204.410828
204.350260
204.296447
204.249163
204.208175
204.173246
204.144136
204.120605
204.102407
204.089300
204.081038
204.077376
204.077376
204.077376
203.908381
203.908381
203.908381
203.908381
203.908381
203.908381
203.908381
203.908381
203.908381
203.908381
203.908381
203.908381
203.908381
203.908381
203.908381
203.908381
203.908381
203.908381
203.908381
203.908381
203.908381
203.908381
203.908381
203.908381
203.908381
203.908381
203.908381
203.908381
203.908381
203.908381
203.908381
203.908381
203.908381
203.908381
203.908381
203.908381
203.908381
203.908381
203.908381
203.908381
203.908381
203.908381
203.908381
203.908381
203.908381
203.908381
203.908381
203.908381
203.908381
203.908381
203.908381
203.908381
203.908381
203.908381
203.908381
203.908381
203.908381
203.908381
203.908381
203.908381
203.908381
203.908381
203.908381
203.908381
203.908381
203.908381
203.908381
203.908381
203.908381
203.908381
203.908381
203.908381
203.908381
203.908381
203.908381
203.908381
203.908381
203.908381
203.908381
203.908381
203.908381
203.908381
203.908381
203.908381
203.908381
203.908381
203.908381
203.908381
203.908381
203.908381
203.908381
203.908381
203.908381
203.908381
203.908381
203.908381
203.908381
203.908381
203.908381
203.908381
203.908381
203.908381
203.908381
203.908381
203.908381
203.908381
203.908381
203.908381
203.908381
203.908381
203.908381
203.908381
203.908381
203.908381
203.908381
203.908381
203.908381
203.908381
203.908381
203.908381
203.908381
203.908381
203.908381
203.908381
203.908381
203.908381
203.908381
203.908381
203.908381
203.908381
203.908381
203.908381
203.908381
203.908381
203.908381
203.908381
203.908381
203.908381
203.908381
203.908381
203.908381
203.908381
203.908381
203.908381
203.908381
203.908381
203.908381
203.908381
203.908381
203.908381
203.908381
203.908381
203.908381
203.908381
203.908381
203.908381
203.908381
203.908381
203.908381
203.908381
203.908381
203.908381
203.908381
203.908381
203.908381
203.908381
203.908381
203.908381
203.908381
203.908381
203.908381
203.908381
203.908381
203.908381
203.908381
203.908381
203.908381
203.908381
203.908381
203.908381
203.908381
203.908381
203.908381
203.908381
203.908381
203.908381
203.908381
203.908381
203.908381
203.908381
203.908381
203.908381
203.908381
203.908381
203.908381
203.908381
203.908381
203.908381
203.908381
203.908381
203.908381
203.908381
203.908381
203.908381
203.908381
203.908381
203.908381
203.908381
203.908381
203.908381
203.908381
203.908381
203.908381
203.908381
203.908381
203.908381
203.908381
203.908381
203.908381
203.908381
203.908381
203.908381
203.908381
203.908381
203.908381
203.908381
203.908381
203.908381
203.908381
203.908381
203.908381
203.908381
203.908381
203.908381
203.908381
203.908381
203.908381
203.908381
203.908381
203.908381
203.908381
203.908381
203.908381
203.908381
203.908381
203.908381
203.908381
203.908381
203.908381
203.908381
203.908381
203.908381
203.908381
203.908381
203.908381
203.908381
203.908381
203.908381
203.908381
203.908381
203.908381
203.908381
203.908381
203.908381
203.908381
203.908381
203.908381
203.908381
203.908381
203.908381
203.908381
203.908381
203.908381
203.908381
203.908381
203.908381
203.908381
203.908381
203.908381
203.908381
203.908381
203.908381
203.908381
203.908381
203.908381
203.908381
203.908381
203.908381
203.908381
203.908381
203.908381
201.984089
198.010757
194.727589
192.012328
189.765272
187.904828
186.364023
185.087743
184.030538
183.154865
182.429666
181.829221
181.332213
180.920965
180.580810
180.299578
180.067167
179.875194
179.716702
179.585921
179.478063
179.389159
179.315918
179.255616
179.205995
179.165188
179.131647
179.104096
179.081478
179.062921
179.047705
179.035236
179.025024
179.016666
179.009829
179.004240
178.999674
178.995946
178.992904
178.990423
178.988401
178.986754
178.985414
178.984323
178.983437
178.982716
178.982131
178.981657
178.981272
178.980960
178.980707
178.980502
178.980337
178.980203
178.980095
178.980008
178.979937
178.979880
178.979835
178.979798
178.979768
178.979744
178.979725
178.979710
178.979697
178.979687
178.979679
178.979673
178.979668
178.979664
178.979660
178.979658
178.979656
178.979654
178.979653
178.979652
178.979651
178.979650
178.979649
178.979649
178.979649
178.979648
178.979648
178.979648
178.979648
178.979648
178.979648
178.979648
178.979648
178.979648
178.979648
178.979648
178.979647
178.979647
178.979647
178.979647
178.979647
178.979647
178.979647
178.979647
178.979647
178.979647
178.979647
178.979647
178.979647
178.979647
178.979647
178.979647
178.979647
178.979647
178.979647
178.979647
178.979647
178.979647
178.979647
178.979647
178.979647
178.979647
178.979647
178.979647
178.979647
178.979647
178.979647
178.979647
178.979647
178.979647
178.979647
178.979647
178.979647
178.979647
178.979647
178.979647
178.979647
178.979647
178.979647
178.979647
178.979647
178.979647
178.979647
178.979647
178.979647
178.979647
178.979647
178.979647
178.979647
178.979647
178.979647
178.979647
178.979647
178.979647
178.979647
178.979647
178.979647
178.979647
178.979647
178.979647
178.979647
178.979647
178.979647
178.979647
178.979647
178.979647
178.979647
178.979647
178.979647
178.979647
178.979647
178.979647
178.979647
178.979647
178.979647
178.979647
178.979647
178.979647
178.979647
178.979647
178.979647
178.979647
178.979647
178.979647
178.979647
178.979647
178.979647
178.979647
178.979647
178.979647
178.979647
178.979647
178.979647
178.979647
178.979647
178.979647
178.979647
178.979647
178.979647
178.979647
178.979647
178.979647
178.979647
178.979647
178.979647
178.979647
178.979647
178.979647
178.979647
178.979647
178.979647
178.979647
178.979647
178.979647
178.979647
178.979647
178.979647
178.979647
178.979647
178.979647
178.979647
178.979647
178.979647
178.979647
178.979647
178.979647
178.979647
178.979647
178.979647
178.979647
178.979647
178.979647
178.979647
178.979647
178.979647
178.979647
178.979647
178.979647
178.979647
178.979647
178.979647
178.979647
178.979647
178.979647
178.979647
178.979647
178.979647
178.979647
178.979647
178.979647
178.979647
178.979647
178.979647
178.979647
178.979647
178.979647
178.979647
178.979647
178.979647
178.979647
178.979647
178.979647
178.979647
178.979647
178.979647
178.979647
178.979647
178.979647
178.979647
176.778091
176.065108
175.579349
175.245911
175.015813
174.856447
174.745805
174.358825
174.358825
171.575757
167.925270
165.404536
163.660326
162.451920
161.614166
160.243691
156.722031
154.301512
152.634195
151.484179
150.342638
147.783007
146.028518
144.823568
143.995081
141.828505
138.530084
136.280746
134.743114
133.690450
132.969215
130.123532
126.973358
124.835470
123.380823
122.389494
121.475870
118.436426
116.381979
114.989533
113.819691
110.885987
108.909586
107.574290
106.670548
105.857421
103.163828
101.356093
100.139315
99.318833
97.639188
95.061118
93.338172
92.183116
91.407282
88.861176
86.682638
85.232111
84.263262
83.614889
82.148380
79.737160
78.139898
77.077986
76.370406
74.929494
72.995181
71.718387
70.872568
70.311007
68.459859
66.647898
65.457184
64.671693
63.891038
61.779372
60.398123
59.490657
58.892819
57.612957
55.622567
54.326933
53.479505
52.923565
51.722658
49.903679
48.725044
47.957440
47.455928
46.861262
45.192083
44.115833
43.418071
42.964126
42.328604
41.212668
40.496529
40.034269
39.192251
37.927310
37.118854
36.598937
36.263266
36.046040
35.048425
33.629641
32.729567
32.154449
31.785284
31.163642
30.123394
29.466899
29.049392
28.726976
27.753459
27.142398
26.755574
26.509367
26.352136
26.251535
26.187105
26.145826
26.119380
26.102442
26.091600
26.084663
26.080228
26.077394
26.075585
26.074431
26.073695
26.073227
26.072928
26.072738
26.072618
26.072541
26.072493
26.072462
26.072442
26.072430
26.072422
26.072417
26.072414
26.072412
26.072411
26.072410
26.072410
26.072409
26.072409
26.072409
26.072409
26.072409
26.072409
26.072409
26.072409
26.072409
26.072409
26.072409
26.072409
26.072409
26.072409
26.072409
26.072409
26.072409
26.072409
26.072409
26.072409
26.072409
26.072409
26.072409
26.072409
26.072409
26.072409
26.072409
26.072409
26.072409
26.072409
26.072409
26.072409
26.072409
26.072409
26.072409
26.072409
26.072409
26.072409
26.072409
26.072409
26.072409
26.072409
26.072409
26.072409
26.072409
26.072409
26.072409
26.072409
26.072409
26.072409
26.072409
26.072409
26.072409
26.072409
26.072409
26.072409
26.072409
26.072409
26.072409
26.072409
26.072409
26.072409
26.072409
26.072409
26.072409
26.072409
26.072409
26.072409
25.863050
24.821773
24.214605
23.858251
23.648340
23.524463
23.451301
23.408086
23.382567
23.367506
23.358622
23.353386
23.350302
23.348488
23.347421
23.346794
23.346426
23.346210
23.346084
23.346010
23.345966
23.345941
23.345926
23.345917
23.345912
23.345910
23.345908
23.345907
23.345906
23.345906
23.345906
23.345906
23.345906
23.345906
23.345905
23.345905
23.345905
23.345905
23.345905
23.345905
23.345905
23.345905
23.345905
23.345905
23.345905
23.345905
23.345905
23.345905
23.345905
23.345905
23.345905
23.345905
23.345905
23.345905
22.860816
21.973470
21.482339
21.207963
20.737966
19.923884
19.476814
19.228552
18.488290
18.488290
18.166302
17.324616
16.860421
16.602562
16.458780
16.378467
16.333578
16.308489
16.294473
16.286648
16.282282
16.279849
16.278493
16.277739
16.277320
16.277087
16.276957
16.276886
16.276846
16.276824
16.276812
16.276805
16.276801
16.276799
16.276798
16.276798
16.276797
16.276797
16.276797
16.276797
16.276797
16.276797
16.260086
15.434532
14.993175
14.491240
13.678499
13.249105
13.019406
12.271707
11.549884
11.170343
10.968173
10.677308
10.027112
9.686384
9.505513
8.914611
8.342053
8.043924
7.886482
7.680216
7.177317
6.919324
6.747191
6.317949
6.104729
5.774919
5.396509
5.208783
4.997380
4.667804
4.507015
4.170688
3.775689
3.574359
3.446363
3.053068
2.854910
2.717575
2.364239
2.188047
2.098027
1.853495
1.602905
1.479247
1.416541
1.384260
1.221519
1.007729
0.904430
0.852781
0.826454
0.677811
0.677811
0.677811
0.669492
0.601411
0.574914
0.563553
0.558306
0.555762
0.554492
0.553848
0.553520
0.553351
0.553264
0.553220
0.553197
0.553185
0.553179
0.553176
0.553175
0.553174
0.553173
0.459349
0.459349
0.459349
0.459349
0.459349
0.459349
0.459349
0.459349
0.459349
0.459349
0.459349
0.459349
0.459349
0.459349
0.459349
0.459349
0.459349
0.459349
0.459349
0.459349
0.459349
0.459349
0.459349
0.459349
0.459349
0.459349
0.459349
0.459349
0.459349
0.459349
0.459349
0.459349
0.459349
0.459349
0.459349
0.459349
0.459349
0.459349
0.459349
0.459349
0.459349
0.459349
0.459349
0.459349
0.459349
0.459349
0.459349
0.459349
0.459349
0.459349
0.459349
0.459349
0.459349
0.459349
0.459349
0.459349
0.459349
0.459349
0.459349
0.459349
0.459349
0.459349
0.459349
0.459349
0.459349
0.459349
0.459349
0.459349
0.459349
0.459349
0.459349
0.459349
0.459349
0.459349
0.459349
0.459349
0.459349
0.459349
0.459349
0.459349
0.459349
0.459349
0.459349
0.459349
0.459349
0.459349
0.459349
0.459349
0.459349
0.459349
0.459349
0.459349
0.459349
0.459349
0.459349
0.459349
0.459349
0.459349
0.459349
0.459349
0.459349
0.459349
0.459349
0.459349
0.459349
0.459349
0.459349
0.459349
0.459349
0.459349
0.459349
0.459349
0.459349
0.459349
0.459349
0.459349
0.459349
0.459349
0.459349
0.459349
0.459349
0.459349
0.459349
0.459349
0.459349
0.459349
0.459349
0.459349
0.459349
0.459349
0.459349
0.459349
0.459349
0.459349
0.459349
0.459349
0.459349
0.459349
0.459349
0.459349
0.459349
0.459349
0.459349
0.459349
0.459349
0.459349
0.459349
0.459349
0.459349
0.459349
0.459349
0.459349
0.459349
0.459349
0.459349
0.459349
0.459349
0.459349
0.459349
0.459349
0.459349
0.459349
0.459349
0.459349
0.459349
0.459349
0.459349
0.459349
0.459349
0.459349
0.459349
0.459349
0.459349
0.459349
0.459349
0.459349
0.459349
0.459349
0.459349
0.459349
0.459349
0.459349
0.459349
0.459349
0.459349
0.459349
0.459349
0.459349
0.459349
0.459349
0.459349
0.459349
0.459349
0.459349
0.459349
0.459349
0.459349
0.459349
0.459349
0.459349
0.459349
0.459349
0.459349
0.459349
0.459349
0.459349
0.459349
0.459349
0.459349
0.459349
0.459349
0.459349
0.459349
0.459349
0.459349
0.459349
0.459349
0.459349
0.459349
0.459349
0.459349
0.459349
0.459349
0.459349
0.459349
0.459349
0.459349
0.459349
0.459349
0.459349
0.459349
0.459349
0.459349
0.459349
0.459349
0.459349
0.459349
0.459349
0.459349
0.459349
0.459349
0.459349
0.459349
0.459349
0.459349
0.459349
0.459349
0.459349
0.459349
0.459349
0.459349
0.459349
0.459349
0.459349
0.459349
0.459349
0.459349
0.459349
0.459349
0.459349
0.459349
0.459349
0.459349
0.459349
0.459349
0.459349
0.459349
0.459349
0.459349
0.459349
0.459349
0.459349
0.459349
0.459349
0.459349
0.459349
0.459349
0.459349
0.459349
0.459349
0.459349
0.459349
0.459349
0.459349
0.459349
0.459349
0.459349
0.459349
0.459349
0.459349
0.459349
0.459349
0.459349
0.459349
0.459349
0.459349
0.459349
0.459349
0.459349
0.459349
0.459349
0.459349
0.459349
0.459349
0.459349
0.459349
0.459349
0.459349
0.459349
0.459349
0.459349
0.459349
0.459349
0.459349
0.459349
0.459349
0.459349
0.459349
0.459349
0.459349
0.459349
0.459349
0.459349
0.459349
0.459349
0.459349
0.459349
0.459349
0.459349
0.459349
0.459349
0.459349
0.459349
0.459349
0.459349
0.459349
0.459349
0.459349
0.459349
0.459349
0.459349
0.459349
0.459349
0.459349
0.459349
0.459349
0.459349
0.459349
0.459349
0.459349
0.459349
0.459349
0.459349
0.459349
0.459349
0.459349
0.459349
0.459349
0.459349
0.459349
0.459349
0.459349
0.459349
0.459349
0.459349
0.459349
0.459349
0.459349
0.459349
0.459349
0.459349
0.459349
0.459349
0.459349
0.459349
0.459349
0.459349
0.459349
0.459349
0.459349
0.459349
0.459349
0.459349
0.459349
0.459349
0.459349
0.459349
0.459349
0.459349
0.459349
0.459349
0.459349
0.459349
0.459349
0.459349
0.459349
0.459349
0.459349
0.459349
0.459349
0.459349
0.459349
0.459349
0.459349
0.459349
0.459349
0.459349
0.459349
0.459349
0.459349
0.459349
0.459349
0.459349
0.459349
0.459349
0.459349
0.459349
0.459349
0.459349
0.459349
0.459349
0.459349
0.459349
0.459349
0.459349
0.459349
0.459349
0.459349
0.459349
0.459349
0.459349
0.459349
0.459349
0.459349
0.459349
0.459349
0.459349
0.459349
0.459349
0.459349
0.459349
0.459349
0.459349
0.459349
0.459349
0.459349
0.459349
0.459349
0.459349
0.459349
0.459349
0.459349
0.459349
0.459349
0.459349
0.459349
0.459349
0.459349
0.459349
0.459349
0.459349
0.459349
0.459349
0.459349
0.459349
0.459349
0.459349
0.459349
0.459349
0.459349
0.459349
0.459349
0.459349
0.459349
0.459349
0.459349
0.459349
0.459349
0.459349
0.459349
0.459349
0.459349
0.459349
0.459349
0.459349
0.459349
0.459349
0.459349
0.459349
0.459349
0.459349
0.459349
0.459349
0.459349
0.459349
0.459349
0.459349
0.459349
0.459349
0.459349
0.459349
0.459349
0.459349
0.459349
0.459349
0.459349
0.459349
0.459349
0.459349
0.459349
0.459349
0.459349
0.459349
0.459349
0.459349
0.459349
0.459349
0.459349
0.459349
0.459349
0.459349
0.459349
0.459349
0.459349
0.459349
0.459349
0.459349
0.459349
0.459349
0.459349
0.459349
0.459349
0.459349
0.459349
0.459349
0.459349
0.459349
0.459349
0.459349
0.459349
0.459349
0.459349
0.459349
0.459349
0.459349
0.459349
0.459349
0.459349
0.459349
0.459349
0.459349
0.459349
0.459349
0.459349
0.459349
0.459349
0.459349
0.459349
0.459349
0.459349
0.459349
0.459349
0.459349
0.459349
0.459349
0.459349
0.459349
0.459349
0.459349
0.459349
0.459349
0.459349
0.459349
0.459349
0.459349
0.459349
0.459349
0.459349
0.459349
0.459349
0.459349
0.459349
0.459349
0.459349
0.459349
0.459349
0.459349
0.459349
0.459349
0.459349
0.459349
0.459349
0.459349
0.459349
0.459349
0.459349
0.459349
0.459349
0.459349
0.459349
0.459349
0.459349
0.459349
0.459349
0.459349
0.459349
0.459349
0.459349
0.459349
0.459349
0.459349
0.459349
0.459349
0.459349
0.459349
0.459349
0.459349
0.459349
0.459349
0.459349
0.459349
0.459349
0.459349
0.459349
0.459349
0.459349
0.459349
0.459349
0.459349
0.459349
0.459349
0.459349
0.459349
0.459349
0.459349
0.459349
0.459349
0.459349
0.459349
0.459349
0.459349
0.459349
0.459349
0.459349
0.459349
0.459349
0.459349
0.459349
0.459349
0.459349
0.459349
0.459349
0.459349
0.459349
0.459349
0.459349
0.459349
0.459349
0.459349
0.459349
0.459349
0.459349
0.459349
0.459349
0.459349
0.459349
0.459349
0.459349
0.459349
0.459349
0.459349
0.459349
0.459349
0.459349
0.459349
0.459349
0.459349
0.459349
0.459349
0.459349
0.459349
0.459349
0.459349
0.459349
0.459349
0.459349
0.459349
0.459349
0.459349
0.459349
0.459349
0.459349
0.459349
0.459349
0.459349
0.459349
0.459349
0.459349
0.459349
0.459349
0.459349
0.459349
0.459349
0.459349
0.459349
0.459349
0.459349
0.459349
0.459349
0.459349
0.459349
0.459349
0.459349
0.459349
0.459349
0.459349
0.459349
0.459349
0.459349
0.459349
0.459349
0.459349
0.459349
0.459349
0.459349
0.459349
0.459349
0.459349
0.459349
0.459349
0.459349
0.459349
0.459349
0.459349
0.459349
0.459349
0.459349
0.459349
0.459349
0.459349
0.459349
0.459349
0.459349
0.459349
0.459349
0.459349
0.459349
0.459349
0.459349
0.459349
0.459349
0.459349
0.459349
0.459349
0.459349
0.459349
0.459349
0.459349
0.459349
0.459349
0.459349
0.459349
0.459349
0.459349
0.459349
0.459349
0.459349
0.459349
0.459349
0.459349
0.459349
0.459349
0.459349
0.459349
0.459349
0.459349
0.459349
0.459349
0.459349
0.459349
0.459349
0.459349
0.459349
0.459349
0.459349
0.459349
0.459349
0.459349
0.459349
0.459349
0.459349
0.459349
0.459349
0.459349
0.459349
0.459349
0.459349
0.459349
0.459349
0.459349
0.459349
0.459349
0.459349
0.459349
0.459349
0.459349
0.459349
0.459349
0.459349
0.459349
0.459349
0.459349
0.459349
0.459349
0.459349
0.459349
0.459349
0.459349
0.459349
0.459349
0.459349
0.459349
0.459349
0.459349
0.459349
0.459349
0.459349
0.459349
0.459349
0.459349
0.459349
0.459349
0.459349
0.459349
0.459349
0.459349
0.459349
0.459349
0.459349
0.459349
0.459349
0.459349
0.459349
0.459349
0.459349
0.459349
0.459349
0.459349
0.459349
0.459349
0.459349
0.459349
0.459349
0.459349
0.459349
0.459349
0.459349
0.459349
0.459349
0.459349
0.459349
0.459349
0.459349
0.459349
0.459349
0.459349
0.459349
0.459349
0.459349
0.459349
0.459349
0.459349
0.459349
0.459349
0.459349
0.459349
0.459349
0.459349
0.459349
0.459349
0.459349
0.459349
0.459349
0.459349
0.459349
0.459349
0.459349
0.459349
0.459349
0.459349
0.459349
0.459349
0.459349
0.459349
0.459349
0.459349
0.459349
0.459349
0.459349
0.459349
0.459349
0.459349
0.459349
0.459349
0.459349
0.459349
0.459349
0.459349
0.459349
0.459349
0.459349
0.459349
0.459349
0.459349
0.459349
0.459349
0.459349
0.459349
0.459349
0.459349
0.459349
0.459349
0.459349
0.459349
0.459349
0.459349
0.459349
0.459349
0.459349
0.459349
0.459349
0.459349
0.459349
0.459349
0.459349
0.459349
0.459349
0.459349
0.459349
0.459349
0.459349
0.459349
0.459349
0.459349
0.459349
0.459349
0.459349
0.459349
0.459349
0.459349
0.459349
0.459349
0.459349
0.459349
0.459349
0.459349
0.459349
0.459349
0.459349
0.459349
0.459349
0.459349
0.459349
0.459349
0.459349
0.459349
0.459349
0.459349
0.459349
0.459349
0.459349
0.459349
0.459349
0.459349
0.459349
0.459349
0.459349
0.459349
0.459349
0.459349
0.459349
0.459349
0.459349
0.459349
0.459349
0.459349
0.459349
0.459349
0.459349
0.459349
0.459349
0.459349
0.459349
0.459349
0.459349
0.459349
0.459349
0.459349
0.459349
0.459349
0.459349
0.459349
0.459349
0.459349
0.459349
0.459349
0.459349
0.459349
0.459349
0.459349
0.459349
0.459349
0.459349
0.459349
0.459349
0.459349
0.459349
0.459349
0.459349
